		SA									RS
	  MEDIA			  DP
1)  28.379788, 28.41052248727573	 | 11.372256, 11.945404472013495   | INICIAL = 14
2)  28.339964, 28.373734121542764	 | 11.332632, 11.899336452088411   | INICIAL = 9
3)  28.312, 28.346299370464568	     | 11.368348, 11.939414893536451   | INICIAL = 6
4)  28.327796, 28.36250983252364	 | 11.367584, 11.934289086493589   | INICIAL = 9
5)  28.358476, 28.392503024566185	 | 11.379128, 11.947679607354727   | INICIAL = 13
6)  28.345372, 28.376829209761965	 | 11.382116, 11.968344413493455   | INICIAL = 15
7)  28.358384, 28.391576356377254    | 11.371036, 11.930124726925532   | INICIAL = 9
8)  28.339068, 28.37350080621001     | 11.395348, 11.962245775773043   | INICIAL = 57
9)  28.304692, 28.339826463830015    | 11.363644, 11.932563680953058   | INICIAL = 19
10) 28.344944, 28.37995673005863     | 11.396952, 11.9721931157161     | INICIAL = 22