		SA									RS
	  MEDIA			  DP
1)  314.079216, 314.1471016068746	  | 133.134604, 133.61463529119854  | INICIAL = 126
2)  313.975932, 314.06061986183494	  | 133.266364, 133.71304560139225  | INICIAL = 124
3)  312.746584, 312.83032131812286	  | 133.420656, 133.9045629991749   | INICIAL = 130
4)  313.700816, 313.78165926006574	  | 132.845484, 133.3134778932723   | INICIAL = 128
5)  313.33382, 313.4163423882041	  | 132.690744, 133.1638997626609   | INICIAL = 136
6)  312.87878, 312.9631038892604	  | 133.505212, 133.94805161703547  | INICIAL = 121
7)  312.303452, 312.38744383857687    | 132.998972, 133.49376481319268  | INICIAL = 145
8)  314.193784, 314.265800251952      | 132.553472, 133.0217170840912   | INICIAL = 128
9)  311.06368, 311.1517272328727      | 133.083112, 133.56465197049704  | INICIAL = 129
10) 312.743816, 312.83187469310093    | 133.680448, 134.1638873318748    | INICIAL = 133