		SA									RS
	  MEDIA			  DP
1)  119.90136, 119.9476512817154	  | 53.819288, 54.239806858063204   | INICIAL = 61
2)  120.204744, 120.24845399421982	  | 54.055676, 54.48007889127915    | INICIAL = 62
3)  119.995712, 120.03908383522428	  | 53.670156, 54.102382831073164   | INICIAL = 57
4)  119.972164, 120.01906143609023	  | 53.731536, 54.16908365479335    | INICIAL = 52
5)  120.472972, 120.51435195859455	  | 53.61646, 54.05130781026487     | INICIAL = 57
6)  120.223952, 120.26375643559452	  | 53.775152, 54.195847811432934   | INICIAL = 48
7)  120.269368, 120.30794776738568    | 53.700824, 54.13214128408371    | INICIAL = 47
8)  120.176956, 120.2187292063928     | 53.813304, 54.2399765486675     | INICIAL = 57
9)  120.014364, 120.05909173402904    | 53.630336, 54.062453810384895   | INICIAL = 56
10) 120.411344, 120.45307072881123    | 53.78496, 54.21800903758824     | INICIAL = 52