		SA									RS
	  MEDIA			  DP
1) 320.212072, 320.2608691801107	  | 133.333248, 133.79548632147498 | INICIAL = 129
2) 318.834596, 318.872491739253 	  | 132.986244, 133.44804116958778 | INICIAL = 141
3) 320.537024, 320.58096937903224	  | 133.372244, 133.84565458766303 | INICIAL = 142
4) 320.83834,  320.886296952674 	  | 133.125368, 133.61516407953104 | INICIAL = 127
5) 320.710884, 320.76998984942463	  | 133.241416, 133.7019086475582  | INICIAL = 111
6) 317.757348, 317.80307096691183	  | 132.50698, 132.9634051158438   | INICIAL = 128
7) 320.7056, 320.7660679934834        | 133.023276, 133.5025583125657  | INICIAL = 127
8) 318.156604, 318.19724898245113     | 133.680228, 134.14185806078578 | INICIAL = 134
9) 320.76066, 320.80360949964387      | 133.157768, 133.61139780722303 | INICIAL = 123
10)320.727748, 320.77921182645235     | 133.117612, 133.6061724472339  | INICIAL = 129

320.725332, 320.77326654819603
320.826988, 320.8668905512066 
320.962160, 320.99665068657646
319.432748, 319.4968153769298 
320.285676, 320.33783478696364
317.866568, 317.897962409324  