		SA									RS
	  MEDIA			  DP
1)  123.206132, 123.21721959206837	  | 53.853236, 54.291430005112225 | INICIAL = 67
2)  120.460948, 120.47455503964312	  | 53.433372, 53.857622190364104 | INICIAL = 43
3)  123.532876, 123.5445276651297	  | 53.676116, 54.10502294611842  | INICIAL = 56
4)  122.371672, 122.3819956366131	  | 53.717464, 54.135522533730104 | INICIAL = 56
5)  121.327556, 121.3378335887039	  | 53.670496, 54.10072176967697  | INICIAL = 55
6)  123.400196, 123.40753998034317	  | 53.764052, 54.19217105818884  | INICIAL = 58
7)  122.104224, 122.12564939438398    | 53.778232, 54.20558812521086  | INICIAL = 49
8)  123.480668, 123.48791106824991    | 53.526804, 53.96380442481794  | INICIAL = 66
9)  123.610768, 123.62049791195633    | 53.943412, 54.39031601305512  | INICIAL = 45
10) 123.272452, 123.28373610497047    | 53.83456, 54.253068484648864  | INICIAL = 51